1111111111111111111111111111111111111111111111111111111
1000000000000000000000000004000000000000000000000000001
1010111011001111100110010111110100110011111001101110101
1010111001100111001001000111110001001001110011001110101
1010111100110011010000100011100010000101100110011110101
1010000000011000010000101011101010000100001100000000101
1011111000001100010000101001001010000100011000001111101
1000000000000110010000101001001010000100110000000000001
1011111000000010001001001001001001001000100000001111101
1010000001111000000000001000001000000000001111000000101
1010000010000100110000000011100000000110010000100000101
1010000100000000011000011111111100001100000000010000101
1010000100000000001100000004000000011000000000010000101
1000000010000100000110000000000000110000010000100000001
1010000001111000100011000110110001100010001111000000101
1011000000000001110001100000000011000111000000000001101
1011110000000011111000110150610110001111100000000111101
1011111110011111111100000100010000011111111100111111101
1011110000000011111000110170810110001111100000000111101
1011000000000001110001100000000011000111000000000001101
1010000001111000100011000114110001100010001111000000101
1000000010000100000110000000000000110000010000100000001
1010000100000000001100000000000000011000000000010000101
1010000100000000011000011111111100001100000000010000101
1010000010000100110000000011100000000110010000100000101
1010000001111000000000001004001000000000001111000000101
1011111000000010001001001001001001001000100000001111101
1000000000000110010000101001001010000100110000000000001
1011111000001100010000101001001010000100011000001111101
1010000000011000010000101011101010000100001100000000101
1010111100110011010000100011100010000101100110011110101
1010111001100111001001000111110001001001110011001110101
1010111011001111100110010111110100110011111001101110101
1000000000000000000000000009000000000000000000000000001
1111111111111111111111111111111111111111111111111111111