11111111111111111111111111111111111111111111
10000000000000000000000000000000000000000001
10111111111111111110011001111111111111111101
10100000000000000011000011000000000000000101
10101111111111111001100110011111111111110101
10101000000000001100111100110000000000010101
10101011111111100000011000000111111111010101
10101010000000000000111100000000000001010101
10101010140110011001100110011001109101010101
10101010001100110011000011001100110001010101
10101010011001100110011001100110011001010101
10101010110011001100111100110011001101010101
10101011100110011001100110011001100111010101
10101011001100110011000011001100110011010101
10101010011001100115611001178110011001010101
10101000110000000000000000000000001100010101
10101001100110000000000000000001100110010101
10101011001100111110100101111100110011010101
10101110011001100000100100000110011001110101
10101100110011001110104101110011001100110101
10101001100110011000011000011001100110010101
10100011001100110011000011001100110011000101
10100114011001100110011001100110011041100101
10101100110011001100111100110011001100110101
10111001100000000000000000000000000110011101
10110011111111111111111111111111111111001101
10000000000000000000000000000000000000000001
11111111111111111111111111111111111111111111
